100 
 0 84 90 54 25 56 
 83 25 4 86 34 96 
 67 45 52 4 54 67 
 56 64 2 48 37 100 
 63 3 62 91 28 76 
 94 97 3 57 23 1 
 9 96 89 24 51 68 
 82 44 35 75 92 85 
 69 42 19 8 28 2 
 93 63 25 15 31 31 
 72 10 65 28 52 19 
 73 91 1 73 62 18 
 37 26 15 87 2 99 
 56 18 64 82 52 9 
 71 8 6 16 72 28 
 46 91 4 96 76 60 
 72 9 100 58 84 0 
 17 89 73 91 86 72 
 82 53 14 82 40 67 
 31 49 73 61 89 66 
 79 77 42 27 62 7 
 62 47 5 42 24 11 
 77 56 54 45 53 96 
 52 65 45 91 5 85 
 5 68 98 51 6 82 
 22 76 70 40 8 47 
 46 40 70 74 91 96 
 2 58 81 65 95 39 
 92 62 26 11 74 71 
 90 69 68 30 26 43 
 86 10 96 33 2 66 
 77 65 70 72 39 84 
 31 16 35 27 3 84 
 9 63 90 17 0 42 
 89 32 64 47 86 71 
 87 5 31 10 27 56 
 5 19 29 52 91 92 
 8 20 5 60 81 82 
 68 85 45 42 33 46 
 10 10 46 30 23 53 
 51 33 94 55 24 82 
 53 71 51 85 54 61 
 23 28 50 89 66 11 
 66 60 88 50 84 5 
 57 42 65 65 77 13 
 34 91 1 45 37 12 
 31 4 17 93 51 73 
 93 27 39 97 10 79 
 1 54 36 41 87 61 
 63 10 21 18 15 37 
 54 89 42 0 97 10 
 91 67 94 61 64 32 
 48 77 60 94 32 45 
 30 7 91 42 56 1 
 79 35 87 60 46 85 
 49 84 11 79 40 11 
 93 81 35 98 12 20 
 18 30 43 34 73 56 
 40 48 44 18 1 45 
 1 78 92 84 9 12 
 17 22 54 63 38 14 
 19 34 23 24 53 10 
 55 45 38 80 53 41 
 91 70 48 13 13 37 
 64 17 7 41 53 17 
 92 49 26 7 39 93 
 30 95 27 14 25 73 
 89 97 0 17 70 79 
 38 47 42 61 15 91 
 2 100 35 45 57 9 
 100 46 8 80 28 95 
 32 21 86 70 9 10 
 28 42 82 36 14 78 
 83 94 28 35 3 22 
 28 39 52 28 62 47 
 79 4 1 86 1 75 
 90 77 14 78 95 17 
 32 21 33 48 16 15 
 61 80 64 26 34 86 
 5 51 72 51 63 53 
 70 87 63 64 96 93 
 10 93 86 75 31 42 
 8 7 13 73 81 44 
 25 29 56 91 32 10 
 17 0 39 69 47 50 
 19 89 6 75 57 54 
 39 99 86 25 79 55 
 98 50 89 84 84 92 
 34 88 16 54 25 12 
 56 49 18 42 90 63 
 100 87 55 56 52 19 
 56 47 21 37 49 38 
 80 36 80 10 23 41 
 62 48 61 91 69 42 
 76 34 50 3 92 13 
 18 52 25 6 26 19 
 71 4 98 100 81 84 
 6 29 3 66 76 100 
 31 6 5 88 33 19 
 78 26 4 79 66 67 
 83 86 64 91 70 39 
 0 26 98 86 98 61 
 22 23 34 78 48 73 
 55 28 5 14 19 70 
 1 77 16 69 70 12 
 78 55 39 12 36 87 
 35 13 27 84 50 15 
 34 79 98 47 77 70 
 66 30 25 6 12 37 
 55 88 90 35 29 24 
 67 87 6 18 15 100 
 70 35 38 13 87 15 
 21 86 65 83 42 9 
 48 28 70 78 98 90 
 63 53 3 47 84 61 
 79 20 79 46 82 95 
 6 31 1 90 25 72 
 47 67 79 69 26 0 
 70 96 75 52 56 40 
 69 16 12 28 67 20 
 70 84 30 93 63 44 
 51 22 28 24 81 14 
 37 13 36 45 71 51 
 73 33 58 100 42 12 
 100 76 96 52 9 33 
 77 96 69 75 51 60 
 65 5 10 73 64 55 
 19 99 17 22 24 12 
 62 67 1 75 79 76 
 58 96 93 55 65 99 
 83 63 42 91 72 39 
 64 71 67 41 13 44 
 31 42 49 100 42 17 
 19 22 4 82 86 94 
 38 47 98 70 0 32 
 46 73 65 55 80 17 
 91 74 94 71 1 32 
 66 49 26 77 22 41 
 40 15 62 13 62 65 
 34 2 79 82 49 20 
 88 28 14 47 83 55 
 81 34 67 77 72 77 
 36 98 99 5 3 81 
 27 27 18 2 92 87 
 41 100 38 78 29 53 
 81 45 6 94 56 56 
 47 95 54 46 79 32 
 25 21 15 73 29 41 
 12 77 22 40 86 68 
 62 33 77 65 22 49 
 86 53 71 61 47 50 
 86 96 32 0 82 21 
 85 36 55 73 15 2 
 5 39 87 12 66 69 
 51 12 87 92 33 8 
 25 54 28 69 63 99 
 13 71 51 87 11 60 
 99 95 40 55 2 2 
 96 60 45 96 75 13 
 51 13 6 28 31 41 
 94 81 99 100 30 75 
 1 28 95 42 30 89 
 92 27 80 33 38 86 
 96 17 61 78 84 24 
 22 51 42 86 6 24 
 63 51 9 55 76 99 
 72 90 85 36 34 14 
 87 64 42 19 98 75 
 46 82 0 68 10 64 
 93 10 39 56 40 77 
 38 69 51 35 73 75 
 26 44 52 32 6 24 
 23 32 99 81 47 82 
 30 54 19 38 50 1 
 62 86 14 69 55 96 
 67 66 37 40 31 97 
 37 8 52 64 62 97 
 89 96 21 23 11 23 
 98 26 73 38 39 13 
 44 72 3 15 69 33 
 8 99 12 24 36 12 
 85 90 32 5 100 14 
 48 99 49 15 87 54 
 57 60 96 82 5 32 
 61 89 61 52 73 21 
 68 0 67 4 100 46 
 98 1 38 69 63 56 
 67 26 2 2 21 79 
 4 72 35 15 92 21 
 14 38 2 82 94 34 
 59 78 57 23 40 94 
 83 58 17 25 1 89 
 94 95 17 31 12 74 
 84 66 38 90 1 30 
 23 49 86 87 35 76 
 31 66 50 81 75 53 
 20 60 91 14 87 44 
 47 39 69 4 24 89 
 86 21 42 34 53 22 
 98 57 4 14 53 23 
 67 40 31 48 15 6 
 22 56 65 85 10 67 
 0 81 96 64 82 43 
 87 25 3 35 49 89 
 12 73 50 38 34 82 
 41 89 1 43 80 79 
 37 86 8 42 73 85 
 75 100 16 96 40 92 
 13 94 49 65 31 33 
 94 38 11 10 71 82 
 100 50 44 11 30 76 
 25 29 40 97 72 42 
 16 87 26 60 45 58 
 90 13 50 30 60 1 
 9 85 11 96 29 7 
 67 34 72 12 40 85 
 94 46 64 71 45 67 
 10 77 91 75 23 40 
 55 36 64 4 81 0 
 18 69 23 5 85 4 
 97 11 1 67 15 20 
 43 50 43 86 15 83 
 100 21 44 42 35 96 
 93 29 38 4 74 90 
 37 31 55 4 54 35 
 35 2 51 78 82 43 
 66 4 100 25 58 20 
 38 43 48 64 91 68 
 5 18 17 82 32 57 
 8 14 22 82 44 28 
 42 34 85 18 84 34 
 96 31 78 54 91 99 
 97 50 75 99 24 74 
 67 8 52 31 27 60 
 2 57 34 69 80 55 
 93 100 96 18 0 40 
 95 7 76 99 30 94 
 97 30 45 88 89 50 
 99 8 62 28 99 61 
 95 73 53 44 85 89 
 69 34 12 81 98 28 
 58 41 69 34 38 3 
 6 91 90 4 87 98 
 54 23 25 40 15 50 
 38 3 22 55 83 46 
 72 97 17 33 60 59 
 80 87 83 40 32 81 
 14 91 66 16 15 24 
 20 97 16 92 3 76 
 29 49 64 59 22 12 
 4 49 56 94 100 54 
 78 16 17 73 10 46 
 64 69 40 0 22 44 
 16 15 83 95 45 79 
 58 19 24 5 18 38 
 76 93 85 44 68 5 
 7 14 87 71 22 69 
 31 62 38 73 25 19 
 45 43 50 76 99 58 
 92 49 71 57 91 38 
 12 6 15 26 37 12 
 14 94 54 90 2 61 
 67 32 16 56 66 2 
 84 34 25 10 74 45 
 47 66 45 60 51 95 
 68 76 44 93 44 89 
 93 15 91 74 54 73 
 5 32 35 39 48 12 
 91 15 39 98 82 23 
 95 22 0 17 75 17 
 44 21 38 53 36 2 
 10 73 99 30 69 64 
 22 56 73 73 89 29 
 84 8 89 91 20 99 
 68 20 8 11 62 96 
 26 12 90 62 20 84 
 39 46 69 90 39 26 
 4 65 40 98 43 65 
 95 33 36 39 82 76 
 14 38 30 82 3 54 
 8 39 14 85 49 67 
 67 20 39 47 64 52 
 68 77 60 95 67 98 
 48 32 67 61 19 45 
 45 99 73 28 74 2 
 56 1 43 5 7 44 
 17 0 24 88 23 58 
 95 71 14 40 29 41 
 76 75 99 43 14 61 
 60 8 31 46 40 97 
 86 99 78 40 38 44 
 8 22 72 8 3 14 
 73 36 2 94 66 5 
 3 55 58 99 55 48 
 14 81 42 55 22 19 
 86 39 38 94 52 73 
 3 74 98 86 5 47 
 47 29 78 15 11 8 
 27 57 73 78 41 25 
 29 44 11 14 3 74 
 56 89 29 30 57 86 
 55 67 94 5 40 38 
 87 85 76 16 75 24 
 0 9 65 50 61 31 
 21 52 30 74 18 10 
 53 48 26 52 50 86 
 10 65 27 63 41 47 
 61 77 21 11 66 10 
 46 31 30 21 86 44 
 96 85 85 27 59 34 
 83 50 32 12 45 2 
 87 6 6 41 7 49 
 24 14 55 77 29 24 
 96 26 88 1 81 47 
 52 11 29 31 15 11 
 9 23 44 57 79 18 
 23 63 49 5 64 66 
 52 7 9 25 28 20 
 71 39 77 69 25 4 
 99 15 17 88 9 0 
 61 49 54 70 93 49 
 4 11 62 25 66 84 
 70 71 87 33 9 29 
 86 7 59 19 24 40 
 51 6 96 93 4 85 
 42 11 4 37 21 19 
 61 13 50 8 5 7 
 49 18 47 85 100 87 
 70 12 43 62 89 55 
 43 46 26 7 34 77 
 52 5 69 11 37 84 
 6 1 58 48 33 58 
 16 94 71 71 94 70 
 71 74 2 79 91 91 
 100 79 5 70 1 87 
 38 63 3 97 30 83 
 44 23 65 61 0 25 
 7 23 54 99 4 5 
 58 62 3 88 18 53 
 40 28 49 34 4 55 
 28 41 84 88 8 23 
 49 1 95 7 39 49 
 22 32 96 96 52 3 
 36 44 55 22 71 4 
 72 15 96 17 33 40 
 47 62 21 83 32 50 
 67 27 65 56 52 7 
 86 78 14 22 95 77 
 31 40 6 91 73 44 
 24 70 7 69 61 28 
 48 77 92 42 46 55 
 14 84 32 12 69 56 
 35 11 94 95 21 58 
 50 49 25 0 25 72 
 95 65 14 84 90 47 
 1 1 73 99 14 34 
 92 99 95 99 54 30 
 78 67 53 76 11 37 
 9 25 98 66 7 51 
 52 19 67 50 46 64 
 39 7 37 89 36 42 
 62 51 23 52 68 37 
 58 64 89 66 1 23 
 23 81 6 52 31 80 
 91 73 95 41 15 53 
 67 64 44 52 61 8 
 53 43 86 42 37 42 
 8 56 8 98 19 30 
 66 66 51 67 49 1 
 97 45 38 95 61 54 
 7 25 0 28 71 98 
 84 27 36 68 39 58 
 54 26 27 31 82 1 
 7 56 78 98 73 24 
 52 38 48 56 5 18 
 45 55 4 85 15 40 
 89 6 57 14 50 29 
 11 15 88 95 1 33 
 94 12 64 27 47 63 
 17 16 75 28 1 10 
 81 12 61 9 79 67 
 98 78 35 75 49 6 
 56 98 28 51 41 62 
 99 97 100 27 20 1 
 80 50 70 93 49 69 
 35 26 89 67 30 79 
 53 71 31 70 23 72 
 28 0 13 78 91 14 
 57 52 52 46 96 14 
 31 23 95 8 88 18 
 65 52 41 44 34 45 
 20 27 53 5 59 24 
 25 23 87 40 9 21 
 50 11 83 85 25 3 
 35 85 67 100 58 29 
 30 15 7 67 16 24 
 10 18 6 33 83 95 
 94 82 51 30 7 16 
 1 73 22 98 95 43 
 57 12 61 38 60 27 
 63 62 5 79 28 89 
 1 63 26 51 73 2 
 12 15 45 58 36 14 
 21 93 54 95 71 13 
 0 79 56 62 73 97 
 49 18 90 82 53 13 
 15 39 19 46 53 24 
 96 70 12 55 77 14 
 39 62 66 39 30 88 
 79 84 77 62 34 33 
 94 75 44 63 98 66 
 70 18 98 59 37 47 
 53 48 92 60 49 84 
 83 52 80 49 53 37 
 50 77 24 32 6 8 
 62 61 17 25 8 88 
 87 77 47 73 3 7 
 60 35 95 84 77 44 
 77 12 75 2 73 20 
 88 19 2 40 52 49 
 99 65 98 78 79 0 
 43 27 21 53 78 23 
 49 31 84 45 52 85 
 54 18 62 85 99 38 
 99 23 55 17 2 38 
 17 81 6 53 81 25 
 23 98 43 75 51 44 
 13 46 58 11 6 46 
 54 84 77 27 11 91 
 39 25 37 94 49 84 
 74 28 99 21 13 40 
 90 16 95 87 28 82 
 16 17 24 11 69 100 
 41 39 62 62 81 87 
 32 84 16 51 22 87 
 26 21 50 43 89 24 
 10 29 30 4 4 14 
 84 91 56 43 0 68 
 41 51 33 77 36 65 
 40 84 7 97 1 58 
 65 7 72 12 52 6 
 55 21 6 59 74 14 
 95 63 8 91 69 46 
 24 82 70 60 87 97 
 71 8 32 92 42 93 
 57 92 56 16 8 97 
 14 7 43 16 93 35 
 22 54 21 67 26 93 
 59 17 47 94 9 74 
 39 67 18 31 97 24 
 91 47 82 60 21 92 
 69 22 41 92 44 79 
 38 50 50 5 73 41 
 74 11 5 84 27 14 
 62 27 68 0 6 15 
 39 75 81 37 49 70 
 75 54 78 56 57 88 
 47 53 60 55 50 3 
 87 81 2 12 15 47 
 36 42 74 35 79 53 
 23 27 30 64 90 14 
 61 43 3 94 53 77 
 78 82 13 38 99 32 
 59 7 39 99 30 52 
 68 18 20 38 6 52 
 66 60 43 74 9 77 
 6 28 58 38 28 5 
 68 46 86 34 70 28 
 40 33 52 4 34 43 
 99 18 99 76 18 62 
 58 90 36 57 73 21 
 41 6 0 88 58 62 
 71 11 19 36 45 48 
 88 33 54 74 68 18 
 41 71 9 32 27 52 
 50 95 35 34 88 53 
 90 23 92 1 85 45 
 59 92 95 80 34 74 
 21 36 96 47 48 21 
 20 100 13 46 27 8 
 44 24 30 50 80 89 
 85 36 38 8 54 98 
 25 7 98 29 59 82 
 96 34 76 42 85 85 
 70 88 12 24 15 8 
 32 72 82 86 8 38 
 30 75 10 25 62 47 
 68 52 97 53 51 15 
 88 0 18 17 13 73 
 56 84 19 57 14 40 
 63 82 81 4 30 60 
 3 21 65 28 18 98 
 97 3 7 31 58 55 
 38 85 8 70 3 65 
 83 79 2 36 66 16 
 98 21 95 85 91 48 
 20 3 24 66 12 97 
 83 5 37 17 89 96 
 7 48 63 31 9 82 
 49 77 31 33 70 24 
 94 24 45 49 9 16 
 78 81 62 25 6 35 
 41 15 62 76 69 99 
 53 66 3 1 39 52 
 49 78 33 39 58 18 
 0 94 53 27 77 81 
 45 84 80 5 3 71 
 81 95 7 47 9 26 
 89 41 2 97 86 25 
 32 70 18 38 71 69 
 95 5 65 72 90 76 
 20 66 85 33 1 25 
 30 82 45 68 18 85 
 66 50 14 39 71 66 
 40 75 71 98 73 64 
 88 92 27 9 49 2 
 94 27 83 80 97 11 
 42 84 10 54 55 14 
 13 54 24 15 89 83 
 28 93 64 43 48 84 
 88 1 58 46 18 23 
 77 75 62 17 94 0 
 27 68 80 54 3 5 
 60 68 90 27 100 28 
 33 71 48 35 81 23 
 6 35 87 28 89 80 
 83 45 39 22 82 71 
 21 36 89 78 59 99 
 86 94 49 16 76 68 
 9 14 36 33 98 8 
 75 38 64 56 48 41 
 58 97 19 34 67 3 
 15 9 11 31 86 12 
 53 5 3 77 33 11 
 28 25 39 37 62 28 
 23 92 1 100 99 85 
 22 14 26 70 18 73 
 54 96 90 49 36 81 
 71 13 53 27 0 91 
 17 56 20 29 57 64 
 98 58 31 10 77 85 
 49 46 71 92 24 1 
 92 82 58 39 52 3 
 51 52 48 31 79 47 
 46 75 49 49 70 97 
 6 4 3 82 79 92 
 14 72 45 23 24 100 
 7 46 97 22 56 32 
 8 2 18 65 52 31 
 46 99 36 45 74 15 
 57 56 46 79 42 12 
 12 13 65 69 32 21 
 43 21 61 44 56 61 
 52 71 53 99 26 14 
 82 31 65 37 11 73 
 27 68 91 0 40 26 
 85 44 85 37 3 77 
 80 93 72 39 93 100 
 29 43 29 82 30 96 
 47 14 39 92 96 93 
 41 39 19 52 87 66 
 91 57 24 68 38 100 
 36 18 17 2 38 10 
 92 70 39 62 91 1 
 37 52 76 90 52 98 
 14 18 51 68 77 95 
 90 34 67 31 23 54 
 10 40 82 56 36 36 
 34 63 99 14 80 44 
 95 68 73 60 50 87 
 40 14 27 31 53 84 
 40 49 19 56 77 80 
 17 40 0 11 34 87 
 94 22 91 52 50 9 
 23 68 30 95 98 68 
 19 97 92 41 26 4 
 68 26 7 21 60 23 
 21 97 72 95 83 95 
 71 93 89 13 93 97 
 85 11 37 2 50 65 
 65 31 70 88 81 18 
 65 55 12 35 55 57 
 61 6 21 30 59 88 
 47 84 1 45 10 11 
 36 49 87 45 2 99 
 81 38 79 42 73 5 
 73 8 86 33 28 34 
 31 23 13 45 84 70 
 36 84 81 54 56 26 
 11 0 79 50 2 71 
 42 49 52 29 83 11 
 47 24 1 35 85 47 
 56 20 98 69 58 30 
 57 24 86 10 36 19 
 90 42 51 44 30 89 
 96 67 80 87 91 6 
 66 46 83 61 64 17 
 92 71 26 93 63 24 
 60 84 1 45 26 52 
 52 7 87 40 24 2 
 9 53 46 93 14 18 
 35 71 79 13 47 2 
 37 35 53 7 89 31 
 10 9 49 92 82 95 
 15 52 7 75 45 19 
 45 3 20 85 34 79 
 0 70 73 83 82 70 
 78 43 48 59 90 68 
 69 36 4 17 16 72 
 18 43 4 90 54 74 
 4 40 84 2 43 90 
 48 88 44 15 100 20 
 7 96 69 41 16 10 
 63 60 54 18 1 81 
 98 44 11 70 4 45 
 82 61 44 63 94 68 
 88 64 14 63 96 96 
 30 81 78 42 13 51 
 82 71 82 82 86 96 
 44 14 29 46 65 29 
 34 99 1 8 39 85 
 97 54 48 57 84 5 
 29 44 87 50 70 0 
 14 52 2 12 40 65 
 95 18 35 37 20 61 
 31 36 1 4 90 68 
 20 21 29 42 93 42 
 67 98 100 74 9 94 
 74 69 19 43 47 10 
 91 6 74 3 84 31 
 47 23 23 37 81 2 
 29 40 32 21 92 21 
 97 95 35 23 60 97 
 86 88 89 52 23 35 
 83 90 27 73 49 51 
 30 94 8 93 85 87 
 84 40 27 86 4 95 
 7 88 19 54 1 78 
 88 14 80 60 57 85 
 94 2 73 14 0 46 
 18 21 19 35 11 78 
 69 9 23 7 54 67 
 43 62 88 2 86 7 
 27 62 42 16 42 89 
 94 68 85 61 56 6 
 75 33 21 44 84 3 
 62 29 26 85 100 3 
 41 37 65 93 79 9 
 67 76 70 66 2 33 
 90 49 9 48 4 29 
 24 65 53 98 94 63 
 84 33 20 87 54 34 
 42 29 89 71 8 97 
 63 7 55 99 56 18 
 46 18 58 56 33 40 
 5 68 64 37 22 71 
 83 52 46 0 20 66 
 5 24 87 70 13 20 
 54 79 71 75 53 32 
 98 48 81 66 23 33 
 51 51 80 29 67 86 
 68 38 11 13 74 20 
 3 73 53 90 21 42 
 56 91 26 77 21 33 
 99 14 3 25 28 42 
 54 86 41 2 40 73 
 49 24 4 6 51 45 
 51 12 28 100 50 58 
 88 11 19 59 73 38 
 69 22 89 86 41 59 
 28 54 78 65 53 62 
 65 57 54 63 3 90 
 98 3 91 42 82 2 
 18 20 0 62 63 58 
 29 66 43 12 87 24 
 61 30 54 64 77 13 
 100 53 28 6 29 91 
 93 28 69 38 61 7 
 55 7 9 48 84 26 
 57 92 82 19 100 100 
 56 95 88 27 82 100 
 45 6 100 23 12 29 
 52 2 98 21 62 38 
 17 7 68 91 33 20 
 35 87 15 100 28 60 
 38 78 85 4 34 69 
 91 99 47 19 41 30 
 98 52 24 85 7 88 
 74 82 71 27 58 77 
 52 49 70 12 21 66 
 62 0 64 47 9 68 
 89 61 11 84 41 15 
 81 56 23 29 43 11 
 84 14 55 83 41 17 
 63 65 25 40 46 35 
 35 36 21 39 25 23 
 6 59 22 22 4 13 
 100 58 28 39 96 19 
 6 16 100 33 91 47 
 17 40 38 81 10 31 
 82 5 94 18 3 55 
 34 42 14 99 50 57 
 75 74 12 31 20 78 
 61 24 84 78 73 41 
 96 99 72 47 68 81 
 81 100 31 80 50 52 
 78 40 19 5 63 64 
 0 37 89 38 22 83 
 76 97 33 86 34 67 
 63 72 31 91 96 95 
 32 69 54 15 50 8 
 28 47 24 5 92 54 
 13 5 47 78 29 8 
 83 70 59 74 25 48 
 30 95 32 11 61 78 
 25 46 40 21 20 68 
 92 17 21 24 44 85 
 55 30 22 56 79 12 
 47 95 1 23 100 90 
 81 62 99 40 77 40 
 88 67 24 44 70 38 
 12 53 18 4 95 28 
 10 93 9 29 43 65 
 35 24 58 47 37 0 
 60 67 72 87 72 40 
 6 86 18 64 5 12 
 3 83 92 100 4 59 
 76 77 99 59 88 51 
 89 15 100 25 92 74 
 78 35 24 49 72 70 
 37 82 77 89 44 12 
 69 94 96 87 74 57 
 38 98 38 83 12 69 
 75 92 35 5 24 43 
 28 52 98 100 83 40 
 62 40 16 37 98 38 
 68 38 21 51 8 53 
 52 34 12 99 52 60 
 41 30 7 33 77 72 
 23 83 48 95 11 87 
 29 9 89 60 0 26 
 96 74 1 73 56 14 
 1 9 82 87 99 63 
 32 70 23 16 41 54 
 64 95 83 60 46 33 
 34 58 5 38 74 21 
 61 21 97 18 73 30 
 78 89 54 26 80 3 
 28 74 25 47 34 64 
 24 33 28 32 100 82 
 75 68 82 34 39 19 
 47 76 55 55 86 94 
 96 31 28 73 20 44 
 11 6 23 76 38 45 
 55 23 6 55 71 60 
 47 71 85 39 68 11 
 59 18 78 70 66 68 
 38 67 26 0 3 12 
 75 73 75 90 77 12 
 58 67 33 7 77 28 
 88 10 32 10 43 6 
 69 68 29 14 75 42 
 20 80 52 8 5 22 
 72 22 12 16 86 48 
 15 75 92 77 4 10 
 8 7 69 32 86 18 
 54 79 95 12 92 98 
 53 73 52 56 77 96 
 81 2 14 83 40 55 
 58 25 8 8 66 96 
 49 11 48 20 77 55 
 55 50 9 3 9 48 
 49 93 30 47 90 35 
 69 13 43 89 22 72 
 96 3 0 48 25 13 
 24 69 63 60 97 97 
 8 7 29 21 19 91 
 70 57 90 82 87 95 
 96 21 75 37 57 74 
 29 82 100 38 48 20 
 80 19 7 100 48 37 
 47 10 14 72 24 62 
 9 2 80 9 79 57 
 53 75 85 51 71 56 
 28 47 70 52 34 2 
 69 58 92 4 41 19 
 11 22 10 93 1 37 
 56 27 14 17 21 3 
 32 21 26 35 46 100 
 95 24 68 37 9 20 
 12 61 83 87 74 12 
 48 0 28 29 16 43 
 32 65 42 79 45 90 
 88 18 28 78 8 23 
 98 27 74 12 63 39 
 18 80 10 89 77 11 
 14 55 56 96 67 6 
 83 74 53 36 81 81 
 88 1 16 49 61 82 
 68 33 72 31 69 8 
 69 6 51 40 62 21 
 66 9 67 96 55 17 
 13 54 69 45 62 72 
 46 4 95 9 5 53 
 39 2 6 87 27 65 
 89 81 71 29 98 1 
 69 20 23 54 87 11 
 76 72 1 75 25 28 
 0 23 92 43 3 43 
 82 31 36 12 22 95 
 97 72 85 2 49 61 
 75 88 10 98 80 89 
 52 22 33 50 11 27 
 13 92 32 9 22 56 
 46 27 72 85 93 39 
 15 96 98 97 58 71 
 23 47 77 31 42 82 
 85 48 47 37 30 33 
 77 60 96 25 94 35 
 34 43 96 8 31 85 
 7 25 18 5 62 38 
 59 81 52 28 41 23 
 92 43 68 35 36 61 
 7 79 24 84 97 40 
 73 73 13 29 23 0 
 72 41 98 34 5 98 
 42 36 20 16 95 79 
 58 83 29 32 6 76 
 7 53 24 5 100 1 
 8 93 75 58 84 44 
 48 96 56 81 84 52 
 16 24 29 33 8 90 
 57 34 91 56 25 71 
 64 3 19 22 54 44 
 79 49 25 77 72 45 
 67 1 49 35 38 50 
 26 3 30 42 39 98 
 45 59 66 17 74 2 
 50 18 2 6 24 29 
 19 85 4 31 54 71 
 61 41 33 6 56 75 
 24 16 92 72 0 96 
 20 7 68 53 78 15 
 11 48 6 55 36 4 
 95 37 78 24 14 29 
 83 24 69 10 94 40 
 34 72 81 28 93 88 
 16 6 45 53 35 57 
 16 96 95 48 28 95 
 53 69 58 73 90 68 
 8 76 61 18 4 38 
 6 96 77 96 66 89 
 65 2 3 76 12 14 
 21 11 49 66 55 24 
 39 81 14 12 95 98 
 97 35 1 82 97 47 
 17 36 67 75 30 15 
 86 86 14 90 69 43 
 43 41 96 0 65 25 
 2 68 93 41 74 45 
 30 74 64 69 41 28 
 21 66 57 7 58 8 
 26 10 87 3 8 94 
 70 77 38 7 70 21 
 20 14 58 7 77 4 
 69 29 41 8 53 86 
 79 19 21 61 28 70 
 23 1 1 80 12 69 
 36 75 37 94 31 51 
 6 99 90 73 86 4 
 22 7 4 25 30 6 
 95 15 35 97 86 87 
 92 30 92 56 16 1 
 43 53 54 81 34 18 
 1 77 63 32 3 98 
 20 65 0 57 50 34 
 8 38 100 26 3 4 
 79 10 71 12 67 70 
 51 65 46 73 2 14 
 85 18 12 60 16 44 
 26 94 82 14 38 19 
 97 11 70 9 95 50 
 95 45 11 45 3 76 
 64 37 2 40 28 45 
 86 36 37 75 98 13 
 40 95 33 78 91 58 
 62 36 44 37 32 51 
 85 23 88 53 63 47 
 34 3 25 28 82 96 
 41 20 72 4 62 32 
 64 56 67 64 9 12 
 60 65 43 34 7 25 
 57 0 82 62 1 16 
 18 19 54 56 73 54 
 76 83 47 94 20 97 
 1 89 95 80 16 13 
 8 90 88 31 84 91 
 36 50 96 16 100 40 
 95 3 34 29 66 13 
 47 57 2 58 16 8 
 93 8 50 1 1 80 
 55 51 99 51 31 17 
 94 82 90 92 20 2 
 96 21 96 52 15 87 
 79 81 8 36 88 7 
 32 89 58 47 26 98 
 18 90 88 98 77 23 
 63 5 82 58 97 42 
 82 5 68 2 50 82 
 0 21 64 16 83 30 
 82 78 50 35 77 49 
 35 29 12 41 75 41 
 49 50 3 80 98 34 
 3 59 17 32 80 38 
 8 9 89 58 3 7 
 90 17 3 97 39 57 
 37 4 2 8 63 47 
 89 78 75 10 88 60 
 5 13 97 31 38 43 
 4 49 84 94 85 19 
 96 19 40 40 84 25 
 91 42 53 31 70 80 
 39 14 4 69 43 68 
 2 48 13 29 72 12 
 87 67 97 79 31 98 
 53 68 34 62 21 0 
 18 99 12 66 73 34 
 26 39 10 15 22 58 
 95 84 1 66 16 11 
 11 88 3 57 72 9 
 77 23 21 41 94 39 
 48 21 67 100 48 19 
 26 17 56 92 96 82 
 89 70 25 46 66 92 
 90 23 90 65 3 6 
 37 12 11 66 87 71 
 39 66 85 61 52 67 
 89 9 77 23 69 74 
 90 58 18 83 52 39 
 68 58 4 20 86 81 
 100 43 31 3 99 33 
 8 45 36 42 78 93 
 8 1 64 18 0 68 
 19 75 2 13 17 69 
 54 47 9 61 93 83 
 16 60 36 69 99 61 
 98 63 43 89 34 37 
 20 11 93 60 49 29 
 88 55 12 24 94 78 
 31 81 79 15 65 62 
 15 40 11 84 77 41 
 35 5 81 28 8 74 
 10 4 98 57 46 5 
 27 13 3 50 6 21 
 62 98 46 35 23 55 
 38 45 3 92 26 30 
 90 21 7 66 53 11 
 91 83 63 7 7 90 
 12 36 15 41 38 16 
 16 99 68 0 89 49 
 44 43 77 78 89 2 
 8 59 38 63 29 38 
 25 83 30 53 39 87 
 88 72 96 45 28 35 
 66 86 76 86 87 51 
 53 48 86 75 83 37 
 72 1 52 51 31 70 
 66 9 14 62 29 10 
 27 31 52 84 71 100 
 54 91 69 3 59 50 
 36 46 57 50 34 43 
 24 79 92 38 71 39 
 51 96 7 57 54 29 
 27 23 28 84 96 92 
 32 77 29 88 22 20 
 11 74 100 18 83 12 
 19 89 0 1 21 7 
 53 75 33 25 71 86 
 33 32 31 65 5 22 
 55 46 46 38 32 95 
 77 74 3 29 87 56 
 56 72 64 64 86 62 
 34 54 5 69 96 34 
 60 32 31 74 60 12 
 78 48 24 73 27 41 
 64 66 82 25 23 38 
 90 55 34 8 44 64 
 14 11 33 75 82 53 
 1 85 69 22 52 93 
 21 24 74 42 62 33 
 6 14 95 100 70 28 
 21 18 95 16 48 45 
 26 19 30 66 75 49 
 1 0 56 64 43 73 
 46 27 58 3 43 45 
 27 71 60 76 79 72 
 30 85 43 72 66 16 
 55 57 98 42 15 68 
 78 49 9 29 68 14 
 12 32 78 32 9 79 
 72 91 88 17 95 61 
 67 64 18 94 62 38 
 100 58 25 12 39 58 
 83 5 55 39 50 83 
 94 51 70 23 85 8 
 95 82 48 41 60 86 
 4 93 42 51 29 55 
 32 4 23 88 19 28 
 97 95 6 30 3 54 
 82 73 2 44 21 56 
 0 83 59 37 54 92 
 17 93 20 77 42 2 
 14 55 11 96 32 28 
 26 98 91 58 95 59 
 39 4 97 44 13 84 
 59 20 24 93 29 28 
 43 37 89 5 10 96 
 50 22 17 91 87 55 
 2 81 97 90 50 20 
 40 6 26 99 50 7 
 22 7 29 85 75 44 
 60 27 45 70 5 71 
 31 39 23 10 40 42 
 16 51 91 83 69 59 
 16 10 91 78 72 79 
 55 74 4 56 78 34 
 13 43 7 64 83 0 
 90 22 82 37 98 50 
 89 97 44 61 46 69 
 16 84 32 92 31 19 
 11 37 48 21 62 50 
 100 21 86 62 96 32 
 21 24 6 82 47 45 
 87 42 65 2 84 54 
 32 69 6 19 92 99 
 89 1 44 38 15 15 
 4 55 32 49 71 37 
 11 25 44 13 87 30 
 59 3 65 21 79 19 
 21 36 84 67 42 80 
 93 41 54 76 41 32 
 70 8 85 58 36 64 
 79 73 50 26 17 77 
 53 43 59 90 0 22 
 89 57 58 26 37 82 
 80 55 42 86 90 39 
 90 27 16 33 5 75 
 39 47 97 31 83 73 
 6 4 97 61 21 100 
 95 17 51 45 100 75 
 28 58 5 63 21 42 
 18 99 87 100 96 30 
 11 43 50 26 65 48 
 12 18 4 89 15 3 
 63 46 97 64 92 65 
 72 36 47 52 97 19 
 2 98 89 29 28 17 
 15 77 54 10 57 23 
 2 83 4 69 10 54 
 35 39 69 78 75 73 
 37 22 22 0 9 87 
 39 91 86 93 19 48 
 95 99 67 95 38 29 
 38 14 90 26 72 41 
 51 26 26 34 59 16 
 44 18 11 93 91 86 
 91 88 26 4 52 81 
 57 38 33 76 15 17 
 41 30 21 23 30 48 
 38 37 40 14 45 47 
 72 36 88 35 98 58 
 71 90 95 83 90 89 
 46 87 72 90 43 100 
 94 67 69 63 50 99 
 64 43 90 98 49 29 
 95 41 71 76 77 10 
 54 89 33 46 54 82 
 89 9 0 51 51 25 
 90 44 75 47 9 49 
 50 33 70 92 17 48 
 55 10 28 52 60 48 
 75 96 99 41 94 56 
 37 82 99 78 92 9 
 68 53 19 65 42 14 
 48 34 100 22 100 75 
 23 49 76 64 3 12 
 98 81 2 85 15 42 
 95 85 66 11 8 14 
 80 79 76 78 75 66 
 95 42 90 74 68 86 
 38 65 8 59 95 6 
 82 27 61 32 37 28 
 12 83 49 15 47 2 
 25 27 92 37 57 87 
 51 0 1 24 23 97 
 67 84 38 61 87 53 
 100 36 80 78 70 79 
 17 72 75 29 72 62 
 51 42 89 81 99 7 
 85 79 61 67 100 21 
 73 95 65 19 16 50 
 70 24 38 1 11 86 
 25 91 22 14 43 42 
 87 100 96 62 1 67 
 70 6 32 61 34 2 
 20 59 49 91 83 51 
 48 9 85 68 61 25 
 28 88 83 69 87 74 
 75 6 78 21 67 47 
 35 22 9 8 71 58 
 17 98 58 39 51 1 
 0 71 33 97 37 98 
 79 17 19 30 31 14 
 97 27 33 67 17 74 
 95 82 40 75 19 88 
 82 20 91 50 27 57 
 55 94 14 6 91 39 
 65 34 15 3 35 12 
 78 28 23 87 29 68 
 55 94 65 55 6 87 
 17 51 33 100 18 46 
 92 43 74 36 66 99 
 49 57 95 44 88 94 
 61 38 7 40 47 51 
 60 68 95 12 88 76 
 24 66 70 94 29 58 
 61 59 86 3 93 50 
 26 91 25 24 71 0 
 41 62 49 47 68 99 
 34 23 100 91 59 78 
 63 58 60 88 17 8 
 89 87 77 65 77 58 
 85 88 67 93 26 71 
 83 75 1 92 77 23 
 61 92 38 62 29 95 
 98 35 40 5 83 54 
 95 22 6 70 33 23 
 94 58 98 54 42 3 
 21 66 85 86 70 24 
 71 30 44 74 56 11 
 55 46 24 89 46 29 
 96 63 10 7 14 57 
 51 20 12 95 93 38 
 33 43 20 89 37 86 
 90 23 33 41 0 80 
 58 7 12 30 56 37 
 52 82 79 98 16 38 
 21 80 95 88 63 70 
 19 30 34 54 67 14 
 33 58 13 10 5 3 
 73 62 13 24 80 13 
 13 67 53 42 26 76 
 97 18 46 90 33 19 
 41 12 40 52 12 29 
 59 84 93 94 36 16 
 33 94 97 68 93 89 
 15 69 6 13 7 35 
 5 15 33 14 21 39 
 98 53 29 7 65 97 
 41 84 83 63 32 45 
 77 97 82 93 44 97 
 97 62 80 0 84 81 
 16 45 28 88 94 66 
 50 88 80 98 39 50 
 71 50 29 75 96 90 
 11 11 96 99 60 74 
 54 7 74 60 62 26 
 34 53 64 18 87 1 
 81 30 73 31 72 17 
 72 2 36 86 7 43 
 47 68 64 30 37 77 
 57 53 96 98 1 49 
 6 38 89 96 100 19 
 75 74 9 35 92 100 
 34 75 75 18 80 24 
 83 58 46 1 75 1 
 16 29 31 27 42 44 
 80 19 75 67 37 49 
 58 84 0 53 46 99 
 45 2 43 39 88 7 
 54 11 100 29 91 59 
 13 9 39 87 16 90 
 5 12 78 34 93 9 
 34 56 18 11 91 10 
 26 52 15 75 45 89 
 38 66 42 82 97 61 
 39 39 49 62 62 37 
 27 15 47 27 92 77 
 47 21 25 16 4 100 
 13 67 20 43 33 20 
 48 36 54 25 58 42 
 37 80 89 5 24 8 
 73 89 41 66 60 38 
 65 71 2 61 55 48 
 47 84 98 47 7 81 
 53 0 68 38 50 58 
 81 45 47 14 31 1 
 98 68 31 87 74 98 
 52 94 62 19 16 22 
 22 60 15 82 10 16 
 37 74 1 55 34 25 
 21 79 6 92 39 50 
 16 32 17 67 82 38 
 24 89 21 58 47 7 
 53 11 56 78 48 95 
 30 76 3 36 93 80 
 7 47 21 3 84 21 
 13 92 5 20 57 10 
 52 100 69 26 2 95 
 49 16 36 25 5 60 
 14 46 42 95 9 38 
 79 68 12 16 46 68 
 0 17 45 35 75 41 
 81 78 46 73 5 34 
 87 81 76 7 39 26 
 89 36 93 5 71 55 
 69 45 49 74 26 71 
 45 45 86 6 86 76 
 94 27 13 81 87 57 
 33 32 76 94 14 55 
 83 64 63 67 48 91 
 16 82 21 85 82 68 
 82 18 97 87 96 10 
 44 73 26 39 5 74 
 38 80 74 89 22 1 
 10 10 14 80 50 11 
 69 83 22 76 55 69 
 86 99 49 61 17 99 
 30 45 99 38 17 0 
 60 69 87 5 94 45 
 62 89 85 74 85 62 
 29 85 23 22 90 18 
 37 27 64 62 88 85 
 51 23 15 90 37 38 
 5 26 65 58 56 80 
 44 75 26 8 60 16 
 14 52 55 43 32 89 
 17 16 92 39 8 13 
 20 91 45 9 79 17 
 85 91 69 91 84 53 
 57 25 47 78 74 52 
 29 77 33 8 94 87 
 85 16 3 11 99 30 
 55 79 11 16 90 67 
 50 87 19 34 56 28 
 45 50 45 60 0 30 
 70 14 87 41 27 73 
 61 6 88 5 51 8 
 81 92 61 42 41 1 
 77 3 2 25 8 67 
 87 69 12 80 51 19 
 83 96 56 33 72 53 
 60 14 59 56 38 73 
 77 46 50 66 16 24 
 60 25 97 38 100 48 
 68 14 92 2 11 6 
 41 6 3 90 92 23 
 78 35 21 8 82 11 
 50 93 40 3 18 13 
 80 88 61 53 46 72 
 96 84 39 95 33 53 
 30 23 37 88 2 58 
 35 69 30 0 89 73 
 62 15 90 48 21 17 
 10 90 100 31 6 20 
 34 26 1 70 5 95 
 66 37 44 55 2 68 
 31 53 72 71 42 93 
 47 38 3 20 45 22 
 80 66 30 3 29 26 
 67 1 75 10 49 37 
 14 99 13 20 18 36 
 14 38 37 66 16 74 
 62 21 82 6 29 24 
 61 5 100 14 11 75 
 34 8 12 8 98 3 
 98 39 46 30 32 32 
 90 38 70 100 31 100 
 52 94 43 81 75 87 
 70 89 0 78 43 6 
 7 35 29 67 58 51 
 77 42 60 94 92 66 
 89 97 20 39 10 8 
 56 76 99 30 4 41 
 51 4 9 55 95 86 
 15 60 58 82 87 2 
 82 74 24 7 27 23 
 28 18 84 94 7 32 
 46 3 85 33 72 10 
 2 46 10 3 29 42 
 19 59 8 49 21 22 
 38 55 27 58 72 94 
 60 90 34 57 63 87 
 38 85 28 92 27 29 
 92 36 14 91 82 66 
 39 45 41 5 14 73 
 78 0 43 11 94 72 
 91 74 96 10 34 57 
 19 24 56 55 74 57 
 10 88 76 18 71 11 
 56 26 17 91 63 98 
 48 65 54 96 69 91 
 90 44 83 84 3 98 
 96 34 65 23 1 6 
 83 49 43 59 27 24 
 66 98 45 92 50 83 
 63 84 26 56 100 22 
 83 72 97 72 48 56 
 13 84 81 70 16 88 
 3 72 43 88 32 43 
 26 31 16 38 17 80 
 97 59 79 50 88 47 
 81 94 87 62 43 43 
 0 24 68 12 75 10 
 54 31 4 69 23 64 
 6 69 17 25 3 78 
 94 100 83 77 18 43 
 93 70 53 100 28 99 
 46 17 33 14 13 28 
 40 34 54 86 26 77 
 56 81 10 33 52 84 
 16 7 8 66 50 8 
 23 70 65 61 60 31 
 85 91 100 22 70 70 
 18 22 20 96 92 44 
 28 77 44 31 59 9 
 89 72 95 72 98 19 
 33 14 48 78 27 78 
 98 88 7 14 78 45 
 41 15 6 11 24 0 
 81 32 68 67 89 33 
 100 51 3 57 27 23 
 86 60 12 51 96 4 
 34 82 64 86 51 48 
 70 81 70 83 79 61 
 8 87 50 42 32 25 
 8 5 88 52 52 6 
 81 83 80 74 93 39 
 44 12 14 75 24 39 
 65 64 54 47 100 26 
 56 4 59 37 73 12 
 80 67 32 48 93 38 
 26 84 17 77 34 96 
 77 66 91 11 5 90 
 55 70 33 63 16 80 
 54 31 46 62 27 90 
 7 94 68 81 0 59 
 2 96 67 99 86 26 
 28 79 83 85 50 25 
 75 51 46 17 48 6 
 82 10 73 13 87 84 
 78 63 32 78 99 44 
 30 34 81 10 39 47 
 1 5 7 52 12 95 
 49 28 35 99 24 97 
 39 38 100 62 31 17 
 18 23 3 77 95 13 
 74 82 30 16 19 6 
 9 96 88 7 94 91 
 32 23 37 45 74 16 
 58 37 75 26 10 79 
 67 58 38 98 11 1 
 73 89 73 48 35 72 
 12 32 59 0 69 4 
 86 99 100 26 19 97 
 17 10 98 13 53 11 
 83 11 48 77 52 96 
 93 13 63 6 98 42 
 25 84 12 47 60 85 
 14 74 14 47 81 69 
 86 31 61 94 53 99 
 22 30 30 83 71 64 
 7 91 70 92 1 23 
 41 21 88 100 25 77 
 78 86 7 83 22 56 
 16 70 82 36 80 21 
 20 28 3 55 95 48 
 39 72 28 17 17 60 
 21 39 100 98 5 85 
 61 21 29 91 75 68 
 2 69 0 21 86 24 
 92 22 11 55 100 85 
 52 88 44 85 50 80 
 28 85 9 33 27 37 
 64 29 90 91 21 24 
 24 39 1 18 91 45 
 85 29 47 11 78 80 
 9 82 37 21 54 52 
 50 5 66 56 46 1 
 88 71 81 37 37 33 
 27 58 48 89 89 48 
 100 74 56 81 6 21 
 14 50 38 41 11 35 
 29 57 59 21 47 41 
 52 72 74 88 80 50 
 29 68 34 74 6 17 
 67 74 10 67 96 4 
 21 0 57 100 38 83 
 40 68 37 45 24 73 
 57 40 6 55 3 37 
 71 2 39 64 96 3 
 63 72 15 22 36 69 
 9 84 66 47 49 78 
 52 37 14 91 79 51 
 50 13 21 68 80 37 
 40 48 97 37 81 26 
 98 81 65 99 82 28 
 30 44 54 15 48 53 
 46 84 45 20 38 96 
 8 94 93 66 87 98 
 39 62 97 51 60 75 
 95 17 95 71 91 31 
 87 85 88 10 58 96 
 54 89 67 86 86 57 
 0 99 80 9 67 34 
 95 46 22 93 100 21 
 80 96 20 76 8 66 
 97 17 93 66 53 39 
 73 51 12 4 85 34 
 16 66 67 15 11 84 
 22 73 67 30 77 40 
 67 18 89 17 75 41 
 22 52 18 93 44 2 
 93 14 100 39 95 12 
 26 75 37 36 27 52 
 53 14 19 16 9 39 
 60 86 56 42 4 50 
 31 26 48 29 82 8 
 88 50 59 87 81 62 
 5 90 51 10 31 33 
 99 99 24 100 99 0 
 40 3 4 23 54 72 
 48 18 32 25 70 20 
 17 56 6 77 10 7 
 10 76 3 64 29 42 
 85 24 11 96 15 45 
 67 11 29 6 95 95 
 98 7 24 90 26 20 
 85 89 71 58 56 76 
 65 63 11 29 79 3 
 45 96 32 69 80 92 
 47 81 72 16 35 58 
 97 100 89 48 49 76 
 56 15 97 100 83 26 
 75 72 40 89 63 29 
 13 74 76 29 51 100 
 77 34 4 100 86 100 
 92 38 80 40 0 15 
 30 100 53 42 54 75 
 47 54 1 3 68 27 
 16 65 79 41 93 100 
 47 71 41 86 90 89 
 96 31 24 60 20 8 
 31 1 77 41 78 16 
 32 16 93 38 36 96 
 98 97 32 90 55 24 
 70 40 9 25 6 19 
 11 94 3 77 10 81 
 85 24 57 7 11 40 
 58 21 29 86 72 68 
 44 21 73 34 96 62 
 75 87 70 75 9 98 
 7 85 8 31 42 57 
 69 51 26 26 22 83 
 9 3 15 0 44 83 
 30 9 49 98 11 26 
 26 47 50 86 72 70 
 1 53 86 31 84 67 
 12 6 32 86 29 78 
 20 51 39 27 15 58 
 31 15 35 1 6 95 
 59 6 38 7 73 19 
 8 52 12 60 4 32 
 67 28 100 6 61 96 
 28 4 14 88 93 29 
 16 77 70 95 3 67 
 88 87 64 78 13 86 
 6 59 99 51 19 77 
 19 96 39 52 39 23 
 81 6 60 19 23 3 
 28 19 11 40 67 4 
 30 44 0 88 8 45 
 3 70 66 58 40 4 
 35 7 28 72 54 17 
 75 6 61 41 77 24 
 5 21 7 54 97 95 
 47 57 11 48 40 53 
 75 73 8 87 17 52 
 8 48 64 34 2 98 
 35 84 45 21 76 42 
 23 16 78 87 74 10 
 72 1 39 33 96 4 
 9 3 7 100 55 51 
 64 49 84 62 4 16 
 41 42 88 65 30 90 
 87 94 26 22 92 20 
 94 24 64 57 79 97 
 55 68 34 23 100 83 
 88 0 92 95 13 64 
 4 100 7 40 46 56 
 46 39 36 92 31 5 
 79 13 22 63 100 42 
 67 91 16 68 64 73 
 9 33 6 67 49 22 
 62 28 47 66 54 63 
 88 67 18 14 55 1 
 82 92 70 54 12 100 
 25 74 25 8 24 16 
 15 8 95 69 95 34 
 90 48 12 53 86 9 
 59 96 97 44 94 89 
 82 77 34 11 16 62 
 89 90 61 34 92 56 
 6 27 83 17 100 37 
 95 54 53 30 8 92 
 0 50 61 50 42 64 
 25 15 39 82 91 84 
 41 49 42 88 20 44 
 40 51 14 34 34 99 
 92 76 52 78 23 58 
 91 64 6 98 61 82 
 94 60 98 31 92 3 
 65 18 57 45 61 21 
 66 86 29 33 46 57 
 47 7 62 49 96 90 
 48 29 50 29 17 19 
 24 48 62 29 20 32 
 61 18 56 81 20 58 
 54 11 90 19 36 18 
 42 26 66 55 69 23 
 85 10 85 45 46 72 
 42 9 45 95 50 0 
 48 93 80 81 85 67 
 24 50 4 31 87 26 
 8 33 79 31 86 9 
 48 53 72 97 3 44 
 68 41 44 16 73 44 
 56 95 17 16 9 43 
 25 9 27 15 52 51 
 61 26 44 97 2 41 
 52 91 40 38 34 69 
 9 61 98 57 28 41 
 95 66 3 26 94 86 
 34 68 24 21 21 11 
 37 99 91 85 67 96 
 5 16 93 37 41 1 
 89 74 17 86 50 98 
 52 24 22 48 54 49 
 3 13 61 48 0 32 
 26 71 29 91 47 47 
 96 16 61 7 7 19 
 46 42 68 55 99 22 
 12 50 76 93 77 25 
 57 94 44 52 98 43 
 25 17 74 74 7 82 
 9 9 31 68 6 52 
 63 95 33 2 2 47 
 21 98 64 32 2 82 
 97 34 95 8 45 13 
 97 17 78 75 54 14 
 93 24 100 93 82 7 
 50 88 14 99 12 22 
 5 27 1 70 97 57 
 25 60 25 13 88 73 
 93 18 75 98 70 64 
 50 93 32 0 59 24 
 99 74 72 47 76 35 
 63 39 13 78 82 49 
 62 76 49 98 40 75 
 29 44 60 29 79 71 
 24 61 28 57 8 24 
 39 9 98 49 49 11 
 46 77 21 52 94 35 
 90 40 98 17 20 38 
 24 86 80 68 58 91 
 53 53 11 47 39 56 
 31 83 5 12 29 6 
 95 91 99 85 27 67 
 33 60 78 22 71 64 
 77 5 20 10 3 12 
 75 53 44 57 100 32 
 47 11 66 4 42 80 
 26 59 0 70 49 49 
 19 32 60 27 10 93 
 73 26 95 100 33 99 
 15 57 85 99 49 89 
 95 44 18 71 70 8 
 51 12 88 11 67 77 
 29 77 2 31 99 95 
 30 7 68 23 49 73 
 21 40 68 83 33 18 
 9 33 71 56 69 86 
 45 57 57 92 81 37 
 69 32 28 82 17 86 
 78 79 57 93 58 74 
 34 60 55 62 3 95 
 39 88 78 51 51 11 
 85 40 21 25 54 26 
 58 100 64 81 71 24 
 70 0 49 3 62 55 
 72 3 21 30 81 4 
 6 42 77 72 87 4 
 94 24 64 93 67 11 
 23 94 7 53 41 61 
 87 69 18 6 59 31 
 94 86 36 90 59 87 
 88 60 9 49 62 38 
 92 12 28 54 79 72 
 23 25 58 79 3 2 
 37 96 79 72 96 78 
 43 47 51 91 92 61 
 55 26 13 54 93 15 
 69 88 2 66 10 76 
 94 96 46 83 50 6 
 80 70 1 26 40 7 
 25 85 29 99 49 49 
 0 3 91 65 9 84 
 18 95 44 79 31 17 
 65 90 54 14 46 74 
 59 15 98 14 63 70 
 69 43 62 38 77 100 
 31 28 82 33 27 12 
 45 34 88 40 64 97 
 48 24 38 81 17 69 
 32 79 57 31 47 71 
 73 19 76 58 4 82 
 15 1 34 32 37 45 
 45 88 9 67 94 71 
 10 7 9 82 45 85 
 25 37 8 18 100 4 
 17 11 80 55 96 20 
 3 47 4 40 15 67 
 91 74 49 3 3 0 
 66 24 100 9 15 27 
 25 66 1 19 22 85 
 57 53 64 67 22 91 
 48 3 49 71 61 86 
 99 60 47 41 97 58 
 96 70 83 53 74 67 
 47 24 14 86 4 4 
 17 10 21 75 100 95 
 53 69 77 64 90 21 
 64 16 2 89 65 52 
 60 9 89 87 100 26 
 68 100 14 83 5 74 
 34 10 49 51 8 44 
 56 71 83 34 48 48 
 28 3 20 17 68 50 
 35 46 39 24 47 72 
 19 62 91 66 0 18 
 58 63 37 14 29 67 
 90 22 49 36 60 23 
 71 8 12 74 32 74 
 5 74 28 42 97 27 
 73 39 24 38 34 24 
 80 5 15 31 84 2 
 63 88 29 6 7 31 
 24 92 82 12 75 8 
 31 3 68 61 37 8 
 8 70 62 51 32 79 
 5 42 75 4 53 21 
 6 75 3 60 56 16 
 74 23 67 55 76 11 
 77 82 6 77 85 37 
 76 56 27 86 7 56 
 82 50 47 47 32 55 
 65 24 18 0 